> LCR,SWEEP?
1.0000E0,2.4283E0,4.1181E-1,4.2323E6,-6.7618E1,-6.2284E5,4.0669E-8,1.6116E6
1.1221E0,3.0299E0,3.3004E-1,4.8677E6,-7.1735E1,-6.5566E5,3.0685E-8,1.5256E6
1.2590E0,3.0623E0,3.2656E-1,3.5735E6,-7.1916E1,-4.2942E5,3.7213E-8,1.1093E6
1.4127E0,2.7991E0,3.5725E-1,3.4195E6,-7.0341E1,-3.6278E5,3.4986E-8,1.1504E6
1.5851E0,2.8372E0,3.5246E-1,3.0648E6,-7.0585E1,-2.9022E5,3.4735E-8,1.0188E6
1.7786E0,2.6752E0,3.7381E-1,2.8748E6,-6.9504E1,-2.4096E5,3.3230E-8,1.0066E6
1.9957E0,2.7838E0,3.5922E-1,2.2960E6,-7.0241E1,-1.7232E5,3.6906E-8,7.7621E5
2.2393E0,2.8262E0,3.5383E-1,2.3672E6,-7.0515E1,-1.5861E5,3.1848E-8,7.8962E5
2.5127E0,2.6569E0,3.7638E-1,2.1038E6,-6.9375E1,-1.2472E5,3.2170E-8,7.4109E5
2.8194E0,2.5673E0,3.8952E-1,1.9122E6,-6.8718E1,-1.0058E5,3.1682E-8,6.9405E5
3.1635E0,2.7659E0,3.6155E-1,1.7537E6,-7.0123E1,-8.2972E4,3.0505E-8,5.9628E5
3.5497E0,2.7238E0,3.6713E-1,1.6274E6,-6.9840E1,-6.8496E4,2.9350E-8,5.6085E5
3.9829E0,2.8180E0,3.5487E-1,1.3960E6,-7.0462E1,-5.2571E4,3.0373E-8,4.6687E5
4.4691E0,2.6768E0,3.7358E-1,1.3471E6,-6.9515E1,-4.4941E4,2.8220E-8,4.7144E5
5.0146E0,2.5473E0,3.9258E-1,1.2267E6,-6.8566E1,-3.6241E4,2.7795E-8,4.4827E5
5.6267E0,2.5204E0,3.9676E-1,1.1158E6,-6.8359E1,-2.9336E4,2.7274E-8,4.1149E5
6.3135E0,2.4489E0,4.0835E-1,1.0173E6,-6.7787E1,-2.3741E4,2.6767E-8,3.8459E5
7.0841E0,2.2474E0,4.4496E-1,9.2693E5,-6.6013E1,-1.9026E4,2.6529E-8,3.7683E5
7.9488E0,2.2915E0,4.3639E-1,8.5778E5,-6.6424E1,-1.5741E4,2.5468E-8,3.4308E5
8.9191E0,2.1825E0,4.5819E-1,7.6622E5,-6.5383E1,-1.2430E4,2.5617E-8,3.1917E5
1.0008E1,2.1262E0,4.7032E-1,7.1850E5,-6.4812E1,-1.0340E4,2.4460E-8,3.0579E5
1.1229E1,2.0835E0,4.7995E-1,6.5428E5,-6.4361E1,-8.3601E3,2.4028E-8,2.8310E5
1.2600E1,1.9924E0,5.0190E-1,6.0069E5,-6.3348E1,-6.7813E3,2.3528E-8,2.6945E5
1.4138E1,1.9343E0,5.1699E-1,5.4824E5,-6.2661E1,-5.4824E3,2.3115E-8,2.5178E5
1.5864E1,1.8746E0,5.3344E-1,5.1142E5,-6.1923E1,-4.5270E3,2.2234E-8,2.4070E5
1.7800E1,1.8168E0,5.5043E-1,4.7275E5,-6.1170E1,-3.7031E3,2.1589E-8,2.2796E5
1.9973E1,1.7519E0,5.7082E-1,4.3701E5,-6.0281E1,-3.0243E3,2.0996E-8,2.1665E5
2.2411E1,1.6774E0,5.9615E-1,4.0550E5,-5.9199E1,-2.4736E3,2.0390E-8,2.0764E5
2.5146E1,1.6309E0,6.1317E-1,3.7727E5,-5.8485E1,-2.0356E3,1.9679E-8,1.9721E5
2.8216E1,1.5695E0,6.3714E-1,3.5034E5,-5.7497E1,-1.6666E3,1.9091E-8,1.8825E5
3.1660E1,1.5320E0,6.5275E-1,3.2656E5,-5.6866E1,-1.3747E3,1.8383E-8,1.7850E5
3.5524E1,1.4823E0,6.7465E-1,3.0190E5,-5.5994E1,-1.1212E3,1.7902E-8,1.6884E5
3.9860E1,1.4347E0,6.9700E-1,2.7850E5,-5.5123E1,-9.1228E2,1.7476E-8,1.5925E5
4.4726E1,1.3956E0,7.1654E-1,2.6437E5,-5.4377E1,-7.6469E2,1.6559E-8,1.5398E5
5.0185E1,1.3844E0,7.2232E-1,2.4114E5,-5.4159E1,-6.1994E2,1.6224E-8,1.4120E5
5.6311E1,1.3216E0,7.5663E-1,2.3003E5,-5.2888E1,-5.1847E2,1.5408E-8,1.3880E5
6.3184E1,1.2904E0,7.7498E-1,2.1552E5,-5.2225E1,-4.2909E2,1.4787E-8,1.3202E5
7.0897E1,1.2551E0,7.9676E-1,1.9945E5,-5.1454E1,-3.5018E2,1.4391E-8,1.2429E5
7.9550E1,1.2230E0,8.1764E-1,1.8909E5,-5.0729E1,-2.9288E2,1.3667E-8,1.1969E5
8.9260E1,1.1905E0,8.3998E-1,1.7692E5,-4.9970E1,-2.4154E2,1.3162E-8,1.1379E5
1.0016E2,1.1646E0,8.5866E-1,1.6430E5,-4.9349E1,-1.9809E2,1.2748E-8,1.0704E5
1.1238E2,1.1377E0,8.7899E-1,1.5635E5,-4.8685E1,-1.6631E2,1.2060E-8,1.0322E5
1.2610E2,1.1181E0,8.9436E-1,1.4500E5,-4.8192E1,-1.3642E2,1.1678E-8,9.6664E4
1.4149E2,1.1022E0,9.0732E-1,1.3762E5,-4.7782E1,-1.1464E2,1.1037E-8,9.2473E4
1.5876E2,1.0678E0,9.3652E-1,1.2872E5,-4.6878E1,-9.4188E1,1.0670E-8,8.7990E4
1.7814E2,1.0466E0,9.5549E-1,1.2278E5,-4.6304E1,-7.9312E1,1.0064E-8,8.4822E4
1.9988E2,1.0218E0,9.7865E-1,1.1591E5,-4.5618E1,-6.5963E1,9.6114E-9,8.1074E4
2.2428E2,9.9977E-1,1.0002E0,1.0930E5,-4.4993E1,-5.4836E1,9.1831E-9,7.7292E4
2.5166E2,9.7936E-1,1.0211E0,1.0302E5,-4.4403E1,-4.5585E1,8.7739E-9,7.3599E4
2.8238E2,9.5684E-1,1.0451E0,9.6359E4,-4.3737E1,-3.7547E1,8.4607E-9,6.9622E4
3.1684E2,9.3968E-1,1.0642E0,9.2029E4,-4.3218E1,-3.1656E1,7.9707E-9,6.7066E4
3.5552E2,9.1987E-1,1.0871E0,8.7058E4,-4.2610E1,-2.6385E1,7.5955E-9,6.4073E4
3.9891E2,9.0000E-1,1.1111E0,8.2069E4,-4.1987E1,-2.1904E1,7.2671E-9,6.1002E4
4.4761E2,8.8099E-1,1.1351E0,7.8434E4,-4.1380E1,-1.8436E1,6.8579E-9,5.8852E4
5.0224E2,8.6276E-1,1.1591E0,7.4465E4,-4.0786E1,-1.5415E1,6.5145E-9,5.6381E4
5.6355E2,8.4349E-1,1.1856E0,7.0797E4,-4.0147E1,-1.2891E1,6.1871E-9,5.4116E4
6.3233E2,8.2490E-1,1.2123E0,6.7051E4,-3.9519E1,-1.0739E1,5.8990E-9,5.1724E4
7.0952E2,8.0611E-1,1.2405E0,6.3750E4,-3.8872E1,-8.9746E0,5.6066E-9,4.9632E4
7.9612E2,7.9045E-1,1.2651E0,6.0689E4,-3.8324E1,-7.5235E0,5.3120E-9,4.7611E4
8.9330E2,7.7084E-1,1.2973E0,5.7735E4,-3.7626E1,-6.2800E0,5.0546E-9,4.5727E4
1.0023E3,7.5498E-1,1.3245E0,5.5044E4,-3.7052E1,-5.2663E0,4.7875E-9,4.3930E4
1.1247E3,7.3680E-1,1.3572E0,5.2451E4,-3.6383E1,-4.4028E0,4.5483E-9,4.2227E4
1.2620E3,7.2036E-1,1.3882E0,4.9772E4,-3.5768E1,-3.6689E0,4.3352E-9,4.0385E4
1.4160E3,7.0353E-1,1.4214E0,4.7899E4,-3.5128E1,-3.0978E0,4.0781E-9,3.9175E4
1.5888E3,6.8674E-1,1.4562E0,4.5485E4,-3.4479E1,-2.5793E0,3.8903E-9,3.7495E4
1.7828E3,6.6979E-1,1.4930E0,4.3800E4,-3.3814E1,-2.1760E0,3.6626E-9,3.6391E4
2.0004E3,6.5230E-1,1.5330E0,4.1745E4,-3.3117E1,-1.8146E0,3.4884E-9,3.4964E4
2.2446E3,6.3479E-1,1.5753E0,4.0189E4,-3.2407E1,-1.5272E0,3.2921E-9,3.3930E4
2.5185E3,6.1894E-1,1.6157E0,3.8513E4,-3.1755E1,-1.2809E0,3.1177E-9,3.2748E4
2.8260E3,6.0324E-1,1.6577E0,3.6960E4,-3.1100E1,-1.0752E0,2.9500E-9,3.1647E4
3.1709E3,5.8641E-1,1.7053E0,3.5375E4,-3.0388E1,-8.9816E-1,2.8049E-9,3.0515E4
3.5579E3,5.7048E-1,1.7529E0,3.4201E4,-2.9704E1,-7.5810E-1,2.6395E-9,2.9707E4
3.9922E3,5.5416E-1,1.8045E0,3.2912E4,-2.8993E1,-6.3597E-1,2.4990E-9,2.8787E4
4.4795E3,5.3906E-1,1.8551E0,3.1689E4,-2.8327E1,-5.3424E-1,2.3629E-9,2.7894E4
5.0263E3,5.2252E-1,1.9138E0,3.0552E4,-2.7588E1,-4.4802E-1,2.2379E-9,2.7078E4
5.6398E3,5.0667E-1,1.9737E0,2.9530E4,-2.6870E1,-3.7664E-1,2.1144E-9,2.6342E4
6.3283E3,4.9044E-1,2.0390E0,2.8501E4,-2.6125E1,-3.1563E-1,2.0040E-9,2.5589E4
7.1007E3,4.7420E-1,2.1088E0,2.7513E4,-2.5370E1,-2.6422E-1,1.9014E-9,2.4860E4
7.9674E3,4.5870E-1,2.1801E0,2.6566E4,-2.4641E1,-2.2125E-1,1.8035E-9,2.4146E4
8.9399E3,4.4256E-1,2.2596E0,2.5688E4,-2.3872E1,-1.8508E-1,1.7125E-9,2.3491E4
1.0031E4,4.2679E-1,2.3431E0,2.4825E4,-2.3112E1,-1.5461E-1,1.6282E-9,2.2833E4
1.1256E4,4.1130E-1,2.4313E0,2.4099E4,-2.2357E1,-1.2962E-1,1.5426E-9,2.2287E4
1.2630E4,3.9476E-1,2.5332E0,2.3405E4,-2.1542E1,-1.0830E-1,1.4664E-9,2.1770E4
1.4171E4,3.7793E-1,2.6460E0,2.2706E4,-2.0703E1,-9.0154E-2,1.3991E-9,2.1240E4
1.5901E4,3.6010E-1,2.7770E0,2.2104E4,-1.9804E1,-7.4959E-2,1.3365E-9,2.0797E4
1.7842E4,3.4274E-1,2.9177E0,2.1504E4,-1.8919E1,-6.2193E-2,1.2795E-9,2.0342E4
2.0020E4,3.2490E-1,3.0779E0,2.0943E4,-1.7999E1,-5.1447E-2,1.2285E-9,1.9918E4
2.2463E4,3.0613E-1,3.2666E0,2.0498E4,-1.7021E1,-4.2513E-2,1.1808E-9,1.9600E4
2.5205E4,2.8775E-1,3.4752E0,1.9923E4,-1.6053E1,-3.4787E-2,1.1462E-9,1.9146E4
2.8282E4,2.6837E-1,3.7262E0,1.9489E4,-1.5022E1,-2.8428E-2,1.1140E-9,1.8823E4
3.1734E4,2.4841E-1,4.0256E0,1.9059E4,-1.3951E1,-2.3044E-2,1.0916E-9,1.8497E4
3.5607E4,2.2814E-1,4.3833E0,1.8653E4,-1.2851E1,-1.8545E-2,1.0773E-9,1.8186E4
3.9953E4,2.0731E-1,4.8238E0,1.8340E4,-1.1712E1,-1.4830E-2,1.0700E-9,1.7958E4
4.4830E4,1.8540E-1,5.3938E0,1.8053E4,-1.0503E1,-1.1683E-2,1.0788E-9,1.7751E4
5.0302E4,1.6278E-1,6.1432E0,1.7782E4,-9.2456E0,-9.0394E-3,1.1075E-9,1.7551E4
5.6442E4,1.3989E-1,7.1483E0,1.7509E4,-7.9637E0,-6.8402E-3,1.1624E-9,1.7340E4
6.3332E4,1.1631E-1,8.5978E0,1.7251E4,-6.6341E0,-5.0084E-3,1.2610E-9,1.7135E4
7.1062E4,9.1347E-2,1.0947E1,1.7096E4,-5.2194E0,-3.4832E-3,1.4401E-9,1.7026E4
7.9736E4,6.5669E-2,1.5228E1,1.6988E4,-3.7571E0,-2.2219E-3,1.7931E-9,1.6951E4
8.9469E4,3.9235E-2,2.5488E1,1.6941E4,-2.2469E0,-1.1814E-3,2.6785E-9,1.6928E4
1.0039E5,1.2956E-2,7.7183E1,1.6889E4,-7.4245E-1,-3.4687E-4,7.2459E-9,1.6887E4
1.1264E5,1.3856E-2,7.2170E1,1.6886E4,7.9403E-1,3.3056E-4,-6.0392E-9,1.6885E4
1.2639E5,4.0902E-2,2.4449E1,1.6947E4,2.3422E0,8.7210E-4,-1.8181E-9,1.6933E4
1.4182E5,6.7527E-2,1.4809E1,1.7065E4,3.8630E0,1.2903E-3,-9.7609E-10,1.7026E4
1.5913E5,9.3832E-2,1.0657E1,1.7260E4,5.3605E0,1.6127E-3,-6.2026E-10,1.7185E4
1.7856E5,1.1903E-1,8.4011E0,1.7471E4,6.7879E0,1.8406E-3,-4.3165E-10,1.7348E4
2.0035E5,1.4270E-1,7.0077E0,1.7751E4,8.1213E0,1.9921E-3,-3.1678E-10,1.7573E4
2.2481E5,1.6422E-1,6.0894E0,1.8117E4,9.3258E0,2.0785E-3,-2.4114E-10,1.7878E4
2.5225E5,1.8345E-1,5.4511E0,1.8652E4,1.0395E1,2.1235E-3,-1.8747E-10,1.8346E4
2.8304E5,1.9899E-1,5.0254E0,1.9025E4,1.1255E1,2.0878E-3,-1.5145E-10,1.8659E4
3.1758E5,2.1149E-1,4.7284E0,1.9627E4,1.1942E1,2.0352E-3,-1.2340E-10,1.9202E4
3.5635E5,2.1943E-1,4.5572E0,2.0069E4,1.2376E1,1.9211E-3,-1.0383E-10,1.9603E4
3.9985E5,2.2233E-1,4.4978E0,2.0668E4,1.2535E1,1.7855E-3,-8.8738E-11,2.0175E4
4.4865E5,2.2032E-1,4.5390E0,2.1329E4,1.2425E1,1.6279E-3,-7.7304E-11,2.0829E4
5.0341E5,2.1321E-1,4.6903E0,2.1938E4,1.2036E1,1.4462E-3,-6.9113E-11,2.1456E4
5.6486E5,2.0163E-1,4.9597E0,2.2463E4,1.1400E1,1.2510E-3,-6.3462E-11,2.2020E4
6.3381E5,1.8660E-1,5.3591E0,2.2999E4,1.0570E1,1.0594E-3,-5.9521E-11,2.2609E4
7.1117E5,1.6860E-1,5.9311E0,2.3148E4,9.5700E0,8.6126E-4,-5.8151E-11,2.2826E4
7.9798E5,1.4624E-1,6.8382E0,2.3372E4,8.3196E0,6.7452E-4,-5.8974E-11,2.3126E4
8.9539E5,1.2293E-1,8.1349E0,2.3397E4,7.0080E0,5.0742E-4,-6.2266E-11,2.3222E4
1.0047E6,1.0041E-1,9.9594E0,2.3179E4,5.7338E0,3.6684E-4,-6.8410E-11,2.3063E4