> FRA,SWEEP?
1.0000E0,1.4432E-2,2.9197E-1,2.6119E1,-4.7819E-3,1.3283E-5,-4.7819E-3
1.1221E0,1.4427E-2,2.9186E-1,2.6120E1,9.2222E-5,8.9122E-1,5.2567E-2
1.2590E0,1.4423E-2,2.9179E-1,2.6120E1,1.3048E-3,7.9426E-1,1.2981E-3
1.4127E0,1.4417E-2,2.9169E-1,2.6121E1,-4.4403E-4,8.7309E-7,-4.4403E-4
1.5851E0,1.4415E-2,2.9163E-1,2.6121E1,-4.3652E-3,7.6495E-6,-4.3652E-3
1.7786E0,1.4410E-2,2.9150E-1,2.6119E1,-2.3944E-3,3.7394E-6,-2.3943E-3
1.9957E0,1.4405E-2,2.9140E-1,2.6120E1,-2.5310E-3,3.5228E-6,-2.5314E-3
2.2393E0,1.4399E-2,2.9132E-1,2.6120E1,-6.2506E-4,7.7536E-7,-6.2527E-4
2.5127E0,1.4394E-2,2.9125E-1,2.6121E1,-1.1169E-3,1.2348E-6,-1.1169E-3
2.8194E0,1.4393E-2,2.9118E-1,2.6121E1,-4.1671E-4,4.1056E-7,-4.1671E-4
3.1635E0,1.4387E-2,2.9110E-1,2.6121E1,-1.6258E-3,1.4276E-6,-1.6258E-3
3.5497E0,1.4386E-2,2.9108E-1,2.6121E1,-2.2167E-3,1.7347E-6,-2.2167E-3
3.9829E0,1.4384E-2,2.9101E-1,2.6121E1,-5.2942E-4,3.6923E-7,-5.2942E-4
4.4691E0,1.4381E-2,2.9093E-1,2.6120E1,1.6429E-3,2.2376E-1,1.6429E-3
5.0146E0,1.4380E-2,2.9090E-1,2.6119E1,2.1177E-4,1.9942E-1,2.1177E-4
5.6267E0,1.4378E-2,2.9085E-1,2.6119E1,-4.0988E-4,2.0235E-7,-4.0988E-4
6.3135E0,1.4376E-2,2.9083E-1,2.6119E1,-1.4414E-3,6.3418E-7,-1.5109E-2
7.0841E0,1.4377E-2,2.9082E-1,2.6119E1,-5.6699E-4,2.2233E-7,-5.6699E-4
7.9488E0,1.4374E-2,2.9079E-1,2.6119E1,-2.8452E-3,9.9428E-7,4.0456E-3
8.9191E0,1.4373E-2,2.9074E-1,2.6119E1,-1.9879E-3,6.1911E-7,-1.9879E-3
1.0008E1,1.4371E-2,2.9073E-1,2.6119E1,6.0457E-4,9.9922E-2,6.0455E-4
1.1229E1,1.4373E-2,2.9075E-1,2.6119E1,-7.1045E-4,1.7574E-7,6.0342E-3
1.2600E1,1.4372E-2,2.9075E-1,2.6119E1,-2.9374E-4,6.4758E-8,-2.9374E-4
1.4138E1,1.4371E-2,2.9071E-1,2.6119E1,-1.5165E-3,2.9796E-7,-1.5165E-3
1.5864E1,1.4373E-2,2.9074E-1,2.6119E1,-2.0665E-3,3.6184E-7,-2.0665E-3
1.7800E1,1.4372E-2,2.9073E-1,2.6119E1,-2.0801E-3,3.2461E-7,-2.0801E-3
1.9973E1,1.4371E-2,2.9072E-1,2.6119E1,-2.6813E-3,3.7291E-7,-2.6275E-3
2.2411E1,1.4370E-2,2.9068E-1,2.6119E1,-1.2740E-3,1.5791E-7,-1.2749E-3
2.5146E1,1.4371E-2,2.9070E-1,2.6119E1,-2.7564E-3,3.0449E-7,-2.3257E-3
2.8216E1,1.4370E-2,2.9071E-1,2.6120E1,-8.9831E-4,8.8437E-8,-8.9831E-4
3.1660E1,1.4371E-2,2.9072E-1,2.6119E1,-1.4619E-3,1.2826E-7,5.3091E-2
3.5524E1,1.4371E-2,2.9070E-1,2.6119E1,-2.2475E-3,1.7574E-7,-2.2475E-3
3.9860E1,1.4370E-2,2.9070E-1,2.6120E1,-1.5780E-3,1.0997E-7,-1.5780E-3
4.4726E1,1.4371E-2,2.9071E-1,2.6120E1,-1.8581E-3,1.1540E-7,-1.8581E-3
5.0185E1,1.4366E-2,2.9083E-1,2.6126E1,-8.3389E-2,4.6157E-6,-8.3393E-2
5.6311E1,1.4370E-2,2.9070E-1,2.6119E1,-5.4650E-5,2.6959E-9,-5.4650E-5
6.3184E1,1.4371E-2,2.9070E-1,2.6119E1,-1.3731E-3,6.0365E-8,-1.5867E-3
7.0897E1,1.4371E-2,2.9070E-1,2.6119E1,-1.9811E-3,7.7620E-8,-1.9811E-3
7.9550E1,1.4371E-2,2.9070E-1,2.6119E1,-4.3788E-3,1.5290E-7,-4.3788E-3
8.9260E1,1.4371E-2,2.9070E-1,2.6119E1,-4.0270E-3,1.2532E-7,-4.0270E-3
1.0016E2,1.4371E-2,2.9070E-1,2.6119E1,-2.6266E-3,7.2848E-8,-2.6333E-3
1.1238E2,1.4371E-2,2.9072E-1,2.6119E1,-4.1090E-3,1.0156E-7,-4.1090E-3
1.2610E2,1.4371E-2,2.9072E-1,2.6119E1,-4.1192E-3,9.0742E-8,-4.1192E-3
1.4149E2,1.4371E-2,2.9070E-1,2.6119E1,-4.3208E-3,8.4827E-8,-4.3208E-3
1.5876E2,1.4371E-2,2.9072E-1,2.6119E1,-5.8646E-3,1.0261E-7,-6.1412E-2
1.7814E2,1.4371E-2,2.9072E-1,2.6119E1,-6.7015E-3,1.0450E-7,-6.7015E-3
1.9988E2,1.4371E-2,2.9071E-1,2.6119E1,-7.3743E-3,1.0248E-7,-7.3743E-3
2.2428E2,1.4372E-2,2.9071E-1,2.6119E1,-8.1292E-3,1.0068E-7,-8.1292E-3
2.5166E2,1.4371E-2,2.9073E-1,2.6119E1,-1.0332E-2,1.1405E-7,-1.0334E-2
2.8238E2,1.4372E-2,2.9075E-1,2.6119E1,-1.2132E-2,1.1935E-7,-1.2132E-2
3.1684E2,1.4373E-2,2.9073E-1,2.6119E1,-9.1402E-3,8.0133E-8,-9.1402E-3
3.5552E2,1.4372E-2,2.9075E-1,2.6119E1,-1.1784E-2,9.2072E-8,1.0026E-1
3.9891E2,1.4373E-2,2.9074E-1,2.6119E1,-1.3454E-2,9.3686E-8,-1.3454E-2
4.4761E2,1.4373E-2,2.9076E-1,2.6119E1,-1.6187E-2,1.0045E-7,-1.6187E-2
5.0224E2,1.4374E-2,2.9078E-1,2.6119E1,-1.7283E-2,9.5589E-8,-1.7283E-2
5.6355E2,1.4373E-2,2.9077E-1,2.6120E1,-1.8164E-2,8.9534E-8,-1.8164E-2
6.3233E2,1.4374E-2,2.9079E-1,2.6120E1,-2.0682E-2,9.0852E-8,-2.0678E-2
7.0952E2,1.4374E-2,2.9081E-1,2.6120E1,-2.2355E-2,8.7522E-8,-2.3240E-2
7.9612E2,1.4375E-2,2.9083E-1,2.6120E1,-2.4777E-2,8.6450E-8,-2.4777E-2
8.9330E2,1.4376E-2,2.9083E-1,2.6120E1,-2.7687E-2,8.6095E-8,-2.7687E-2
1.0023E3,1.4379E-2,2.9092E-1,2.6121E1,-2.9699E-2,8.2305E-8,-2.9699E-2
1.1247E3,1.4384E-2,2.9103E-1,2.6121E1,-3.5659E-2,8.8072E-8,-3.5659E-2
1.2620E3,1.4385E-2,2.9105E-1,2.6121E1,-4.1596E-2,9.1558E-8,-4.1599E-2
1.4160E3,1.4382E-2,2.9101E-1,2.6121E1,-5.0357E-2,9.8785E-8,-5.0357E-2
1.5888E3,1.4381E-2,2.9096E-1,2.6121E1,-5.5470E-2,9.6978E-8,-5.5470E-2
1.7828E3,1.4380E-2,2.9095E-1,2.6121E1,-6.2103E-2,9.6764E-8,-6.2103E-2
2.0004E3,1.4379E-2,2.9092E-1,2.6121E1,-6.9488E-2,9.6492E-8,-6.9488E-2
2.2446E3,1.4379E-2,2.9091E-1,2.6121E1,-7.8512E-2,9.7163E-8,-7.8512E-2
2.5185E3,1.4379E-2,2.9092E-1,2.6120E1,-8.7881E-2,9.6926E-8,-8.8105E-2
2.8260E3,1.4379E-2,2.9092E-1,2.6120E1,-9.9548E-2,9.7851E-8,-9.9548E-2
3.1709E3,1.4380E-2,2.9092E-1,2.6120E1,-1.1065E-1,9.6934E-8,-1.1065E-1
3.5579E3,1.4381E-2,2.9092E-1,2.6120E1,-1.2529E-1,9.7816E-8,-1.2529E-1
3.9922E3,1.4381E-2,2.9092E-1,2.6120E1,-1.3915E-1,9.6819E-8,-1.3915E-1
4.4795E3,1.4381E-2,2.9092E-1,2.6119E1,-1.5590E-1,9.6674E-8,-1.5590E-1
5.0263E3,1.4381E-2,2.9092E-1,2.6119E1,-1.7437E-1,9.6364E-8,-1.7414E-1
5.6398E3,1.4383E-2,2.9091E-1,2.6118E1,-1.9615E-1,9.6609E-8,-1.9615E-1
6.3283E3,1.4383E-2,2.9092E-1,2.6118E1,-2.1773E-1,9.5573E-8,-2.1773E-1
7.1007E3,1.4385E-2,2.9092E-1,2.6117E1,-2.4245E-1,9.4845E-8,-2.4245E-1
7.9674E3,1.4385E-2,2.9089E-1,2.6117E1,-2.7057E-1,9.4332E-8,-2.7057E-1
8.9399E3,1.4385E-2,2.9088E-1,2.6116E1,-3.0139E-1,9.3645E-8,-3.0139E-1
1.0031E4,1.4383E-2,2.9077E-1,2.6115E1,-3.4648E-1,9.5945E-8,-3.4636E-1
1.1256E4,1.4383E-2,2.9076E-1,2.6113E1,-3.8447E-1,9.4883E-8,-8.5144E-1
1.2630E4,1.4385E-2,2.9074E-1,2.6112E1,-4.2644E-1,9.3793E-8,-4.2644E-1
1.4171E4,1.4385E-2,2.9071E-1,2.6111E1,-4.7445E-1,9.3001E-8,-4.7445E-1
1.5901E4,1.4387E-2,2.9070E-1,2.6109E1,-5.2468E-1,9.1658E-8,-5.2468E-1
1.7842E4,1.4389E-2,2.9067E-1,2.6107E1,-5.7892E-1,9.0133E-8,-5.7892E-1
2.0020E4,1.4390E-2,2.9063E-1,2.6105E1,-6.3820E-1,8.8552E-8,-6.3820E-1
2.2463E4,1.4391E-2,2.9058E-1,2.6103E1,-7.0766E-1,8.7509E-8,-7.0812E-1
2.5205E4,1.4394E-2,2.9053E-1,2.6100E1,-7.8017E-1,8.5981E-8,-7.8017E-1
2.8282E4,1.4396E-2,2.9048E-1,2.6098E1,-8.6360E-1,8.4821E-8,-8.6360E-1
3.1734E4,1.4398E-2,2.9044E-1,2.6095E1,-9.5156E-1,8.3294E-8,-9.5156E-1
3.5607E4,1.4401E-2,2.9041E-1,2.6092E1,-1.0492E0,8.1848E-8,-1.0492E0
3.9953E4,1.4401E-2,2.9035E-1,2.6090E1,-1.1602E0,8.0661E-8,-1.1602E0
4.4830E4,1.4403E-2,2.9028E-1,2.6087E1,-1.2820E0,7.9433E-8,-1.2820E0
5.0302E4,1.4404E-2,2.9022E-1,2.6085E1,-1.4190E0,7.8357E-8,-1.4194E0
5.6442E4,1.4405E-2,2.9015E-1,2.6082E1,-1.5734E0,7.7435E-8,-1.5734E0
6.3332E4,1.4405E-2,2.9009E-1,2.6080E1,-1.7451E0,7.6540E-8,-1.7451E0
7.1062E4,1.4406E-2,2.8999E-1,2.6077E1,-1.9326E0,7.5545E-8,-1.9326E0
7.9736E4,1.4406E-2,2.8993E-1,2.6075E1,-2.1477E0,7.4821E-8,-2.1477E0
8.9469E4,1.4405E-2,2.8985E-1,2.6072E1,-2.3872E0,7.4118E-8,-2.3872E0
1.0039E5,1.4405E-2,2.8974E-1,2.6070E1,-2.6540E0,7.3436E-8,-2.6540E0
1.1264E5,1.4403E-2,2.8976E-1,2.6071E1,-2.9542E0,7.2850E-8,-2.9392E0
1.2639E5,1.4405E-2,2.8967E-1,2.6068E1,-3.2890E0,7.2283E-8,-3.2890E0
1.4182E5,1.4405E-2,2.8961E-1,2.6066E1,-3.6656E0,7.1796E-8,-3.6656E0
1.5913E5,1.4405E-2,2.8956E-1,2.6064E1,-4.0857E0,7.1319E-8,-4.0857E0
1.7856E5,1.4406E-2,2.8948E-1,2.6062E1,-4.5579E0,7.0906E-8,-4.5579E0
2.0035E5,1.4405E-2,2.8942E-1,2.6060E1,-5.0864E0,7.0521E-8,-5.0864E0
2.2481E5,1.4405E-2,2.8935E-1,2.6058E1,-5.6791E0,7.0172E-8,-5.6786E0
2.5225E5,1.4405E-2,2.8926E-1,2.6056E1,-6.3408E0,6.9826E-8,-6.3408E0
2.8304E5,1.4405E-2,2.8922E-1,2.6054E1,-7.0836E0,6.9520E-8,-7.0836E0
3.1758E5,1.4405E-2,2.8915E-1,2.6052E1,-7.9173E0,6.9250E-8,-7.9173E0
3.5635E5,1.4404E-2,2.8909E-1,2.6051E1,-8.8491E0,6.8980E-8,-8.8491E0
3.9985E5,1.4403E-2,2.8909E-1,2.6051E1,-9.8942E0,6.8736E-8,-9.8942E0
4.4865E5,1.4405E-2,2.8905E-1,2.6050E1,-1.1066E1,6.8511E-8,-1.1066E1
5.0341E5,1.4404E-2,2.8907E-1,2.6051E1,-1.2374E1,6.8279E-8,-1.2618E1
5.6486E5,1.4403E-2,2.8912E-1,2.6052E1,-1.3840E1,6.8059E-8,-1.3840E1
6.3381E5,1.4402E-2,2.8919E-1,2.6055E1,-1.5479E1,6.7840E-8,-1.5479E1
7.1117E5,1.4401E-2,2.8929E-1,2.6059E1,-1.7309E1,6.7609E-8,-1.7309E1
7.9798E5,1.4399E-2,2.8949E-1,2.6066E1,-1.9357E1,6.7382E-8,-1.9357E1
8.9539E5,1.4396E-2,2.8979E-1,2.6076E1,-2.1639E1,6.7131E-8,-2.1639E1
1.0047E6,1.4395E-2,2.9019E-1,2.6090E1,-2.4190E1,6.6881E-8,-2.4198E1